referrer,views_total,views_unique
cloudbox.works,1604,342
Google,311,108
github.com,120,53
Baidu,118,58
reddit.com,60,34
github-wiki-see.page,28,10
Bing,20,7
search.brave.com,14,6
t.co,6,5
DuckDuckGo,6,4
