referrer,views_total,views_unique
github.com,125,14
Google,118,15
Bing,1,1
